frame,face_id,timestamp,confidence,success,pose_Tx,pose_Ty,pose_Tz,pose_Rx,pose_Ry,pose_Rz,X_0,X_1,X_2,X_3,X_4,X_5,X_6,X_7,X_8,X_9,X_10,X_11,X_12,X_13,X_14,X_15,X_16,X_17,X_18,X_19,X_20,X_21,X_22,X_23,X_24,X_25,X_26,X_27,X_28,X_29,X_30,X_31,X_32,X_33,X_34,X_35,X_36,X_37,X_38,X_39,X_40,X_41,X_42,X_43,X_44,X_45,X_46,X_47,X_48,X_49,X_50,X_51,X_52,X_53,X_54,X_55,X_56,X_57,X_58,X_59,X_60,X_61,X_62,X_63,X_64,X_65,X_66,X_67,Y_0,Y_1,Y_2,Y_3,Y_4,Y_5,Y_6,Y_7,Y_8,Y_9,Y_10,Y_11,Y_12,Y_13,Y_14,Y_15,Y_16,Y_17,Y_18,Y_19,Y_20,Y_21,Y_22,Y_23,Y_24,Y_25,Y_26,Y_27,Y_28,Y_29,Y_30,Y_31,Y_32,Y_33,Y_34,Y_35,Y_36,Y_37,Y_38,Y_39,Y_40,Y_41,Y_42,Y_43,Y_44,Y_45,Y_46,Y_47,Y_48,Y_49,Y_50,Y_51,Y_52,Y_53,Y_54,Y_55,Y_56,Y_57,Y_58,Y_59,Y_60,Y_61,Y_62,Y_63,Y_64,Y_65,Y_66,Y_67,Z_0,Z_1,Z_2,Z_3,Z_4,Z_5,Z_6,Z_7,Z_8,Z_9,Z_10,Z_11,Z_12,Z_13,Z_14,Z_15,Z_16,Z_17,Z_18,Z_19,Z_20,Z_21,Z_22,Z_23,Z_24,Z_25,Z_26,Z_27,Z_28,Z_29,Z_30,Z_31,Z_32,Z_33,Z_34,Z_35,Z_36,Z_37,Z_38,Z_39,Z_40,Z_41,Z_42,Z_43,Z_44,Z_45,Z_46,Z_47,Z_48,Z_49,Z_50,Z_51,Z_52,Z_53,Z_54,Z_55,Z_56,Z_57,Z_58,Z_59,Z_60,Z_61,Z_62,Z_63,Z_64,Z_65,Z_66,Z_67
1,0,0.000,0.98,1,27.7,-62.6,842.7,0.076,0.116,-0.081,-48.2,-46.4,-42.7,-37.5,-28.8,-15.5,-0.1,16.6,34.9,53.5,71.2,87.0,98.2,103.9,105.9,106.7,106.6,-36.1,-27.4,-15.1,-2.3,9.6,35.4,47.5,59.9,72.2,82.1,24.4,24.6,24.9,25.2,13.3,20.3,27.1,34.0,40.4,-20.3,-12.8,-3.3,4.7,-3.3,-12.7,45.0,52.4,62.0,70.4,63.2,53.9,3.1,12.7,21.7,28.0,34.6,45.2,56.9,46.3,36.3,29.1,22.4,13.2,7.4,22.3,28.7,35.5,52.0,35.4,28.5,22.1,-94.8,-74.7,-54.8,-35.6,-18.5,-4.9,4.2,10.4,10.9,7.2,-2.0,-13.2,-27.9,-45.6,-64.5,-83.5,-102.4,-114.0,-123.1,-126.5,-125.2,-120.7,-122.5,-128.0,-130.4,-129.5,-123.0,-102.8,-91.2,-80.0,-68.5,-56.5,-55.0,-53.8,-56.1,-58.6,-97.2,-102.2,-102.5,-97.2,-94.4,-94.0,-99.8,-106.1,-106.8,-102.8,-99.0,-98.1,-30.5,-37.1,-40.7,-39.5,-41.5,-39.3,-35.0,-27.7,-24.6,-23.5,-23.4,-24.7,-30.9,-33.5,-33.6,-34.8,-34.4,-33.3,-32.2,-32.1,904.9,904.4,904.4,902.8,896.3,884.8,870.0,854.5,849.8,854.5,866.2,876.2,881.2,882.6,882.7,883.6,885.3,867.0,861.3,854.6,847.5,842.2,839.6,842.2,845.6,848.4,850.8,839.8,833.5,826.8,820.3,835.4,832.8,830.4,830.7,831.7,860.2,855.2,852.7,851.3,852.0,854.6,848.4,847.7,848.2,851.0,847.5,846.9,848.0,836.0,830.4,829.2,829.7,834.5,844.5,834.5,828.5,827.6,828.8,835.3,845.5,831.8,830.6,831.1,841.8,830.4,829.5,830.9
2,0,0.069,0.98,1,27.1,-63.1,830.1,0.053,0.135,-0.083,-47.9,-46.0,-42.1,-36.7,-28.2,-15.2,0.1,16.7,35.2,54.3,72.2,87.9,98.0,102.6,104.2,105.0,104.9,-35.3,-27.2,-15.8,-3.6,8.1,35.5,46.1,56.9,67.8,77.0,24.1,24.1,24.1,24.2,13.1,20.0,26.6,33.2,39.4,-19.9,-12.7,-3.4,4.4,-3.4,-12.6,44.6,51.9,61.4,69.5,62.4,53.2,3.7,12.2,20.9,27.0,33.3,43.5,54.7,44.5,35.0,28.1,21.7,12.8,7.9,21.7,27.8,34.3,49.6,34.2,27.6,21.6,-96.3,-76.0,-55.9,-36.1,-18.2,-3.8,5.8,11.7,12.0,8.0,-1.6,-13.3,-28.4,-45.9,-64.5,-83.0,-101.1,-115.1,-124.4,-128.2,-126.9,-122.6,-123.9,-128.7,-130.9,-130.7,-125.3,-104.0,-92.8,-81.9,-70.8,-57.7,-56.4,-55.4,-57.4,-59.9,-97.7,-102.6,-102.9,-97.8,-94.9,-94.5,-100.2,-105.9,-106.4,-102.5,-98.9,-98.1,-30.3,-38.1,-42.3,-41.1,-43.1,-40.1,-34.3,-27.5,-24.7,-23.6,-23.4,-24.5,-30.9,-34.4,-34.6,-35.6,-34.0,-33.8,-32.7,-32.5,895.5,895.0,895.3,893.0,886.0,873.5,858.0,842.2,837.6,841.9,852.8,862.9,867.5,868.5,867.8,868.8,871.2,855.1,850.8,844.8,838.5,833.8,832.1,833.8,835.7,836.3,835.4,830.1,823.3,816.2,809.1,824.2,821.7,819.0,818.9,819.6,848.7,843.4,841.1,839.1,840.4,842.9,837.7,836.5,836.8,839.3,836.1,835.7,833.1,821.3,816.4,815.5,816.2,820.1,829.5,819.9,814.4,813.3,814.3,819.9,830.5,817.9,816.9,817.5,826.7,816.7,815.7,816.7
3,0,0.137,0.98,1,24.9,-66.2,818.5,0.010,0.149,-0.065,-48.1,-46.8,-43.2,-38.0,-29.9,-17.6,-2.8,13.6,32.3,51.5,69.5,85.2,95.3,100.0,101.9,103.1,103.3,-35.3,-27.4,-16.3,-4.4,6.8,34.2,44.8,55.6,66.1,74.8,22.3,22.0,21.8,21.5,10.8,17.6,24.0,30.4,36.5,-21.1,-14.0,-4.9,2.9,-4.9,-13.9,42.7,50.1,59.5,67.5,60.4,51.2,2.2,9.5,17.8,23.8,29.8,39.8,50.4,41.0,31.8,25.1,18.8,10.3,6.4,18.7,24.6,30.9,45.3,31.1,24.7,18.7,-98.4,-78.5,-58.7,-39.1,-21.2,-6.7,3.0,9.0,9.5,5.8,-3.4,-14.7,-29.4,-46.6,-64.9,-83.1,-100.8,-119.9,-129.2,-133.1,-131.7,-127.2,-128.2,-132.9,-134.8,-134.2,-128.4,-107.6,-96.9,-86.5,-75.9,-62.0,-60.8,-59.8,-61.7,-63.8,-101.3,-106.1,-106.4,-101.4,-98.5,-98.2,-103.2,-108.6,-108.9,-105.0,-101.6,-101.0,-32.9,-42.4,-47.3,-46.0,-47.9,-43.9,-36.2,-29.7,-27.1,-26.1,-26.0,-27.2,-33.8,-38.6,-38.8,-39.5,-36.3,-36.6,-35.8,-35.6,885.9,885.0,884.9,882.3,874.8,861.6,845.4,829.4,824.4,828.3,838.7,848.9,854.0,855.5,855.3,856.9,859.8,846.2,842.8,837.0,830.8,826.4,823.6,825.4,827.3,827.8,826.3,821.2,814.1,806.7,799.2,813.3,811.1,808.5,808.2,808.8,840.2,834.8,832.3,830.0,831.6,834.3,827.9,826.8,827.0,829.4,826.1,825.8,819.1,807.5,803.2,802.1,802.8,806.2,815.2,806.3,801.6,800.6,801.6,806.4,816.4,804.8,803.7,804.1,812.6,804.0,803.2,804.1
4,0,0.206,0.98,1,20.8,-69.5,812.2,-0.010,0.165,-0.044,-50.8,-50.1,-47.0,-42.2,-34.5,-22.4,-7.8,8.5,27.2,46.4,64.4,80.3,90.6,95.7,98.1,99.9,100.6,-38.1,-29.9,-18.8,-7.0,4.1,31.1,42.1,53.2,64.0,72.5,19.0,18.3,17.7,17.1,6.2,12.9,19.3,25.8,31.9,-24.5,-17.3,-8.2,-0.5,-8.3,-17.3,39.2,46.8,56.2,64.3,56.9,47.7,-3.1,4.1,12.7,18.5,24.4,34.8,45.5,35.9,26.4,19.8,13.5,4.8,1.2,13.5,19.3,25.4,40.4,25.9,19.6,13.7,-101.3,-81.5,-61.8,-42.2,-24.5,-10.2,-0.7,5.3,6.1,2.5,-6.3,-17.0,-31.2,-47.9,-65.9,-83.7,-101.0,-124.5,-133.6,-137.3,-135.8,-130.9,-131.4,-135.8,-137.3,-136.2,-130.1,-110.9,-100.6,-90.8,-80.6,-66.5,-65.3,-64.3,-65.9,-67.8,-105.2,-109.9,-110.0,-104.9,-102.3,-102.2,-105.8,-111.0,-111.0,-107.0,-103.9,-103.5,-37.3,-47.3,-52.4,-50.9,-52.6,-48.2,-39.7,-32.2,-29.3,-28.5,-28.5,-30.3,-38.2,-43.5,-43.6,-44.2,-39.9,-39.1,-38.4,-38.4,882.0,880.6,879.9,876.7,868.9,855.4,838.5,821.9,816.7,820.3,830.3,839.8,844.7,846.4,846.6,849.2,852.8,842.2,838.9,832.9,826.1,821.2,817.5,819.7,821.8,822.5,821.1,815.2,808.0,800.5,792.8,806.6,804.5,801.8,801.4,801.9,835.8,830.3,827.6,824.9,826.7,829.5,821.8,820.7,820.9,823.1,819.7,819.5,813.3,801.2,796.1,794.8,795.4,798.7,807.9,799.3,794.7,794.0,795.0,800.5,810.7,797.7,796.5,796.7,805.7,797.3,796.6,797.6
5,0,0.275,0.98,1,15.9,-71.3,809.9,-0.030,0.172,-0.021,-54.9,-54.5,-51.9,-47.5,-40.0,-28.2,-13.8,2.2,20.8,40.1,58.3,74.3,84.9,90.5,93.2,95.5,96.8,-41.9,-33.4,-22.0,-10.0,1.2,27.0,38.6,50.5,61.8,70.3,15.0,14.0,13.1,12.2,0.7,7.5,14.0,20.6,26.8,-28.6,-21.2,-12.2,-4.6,-12.5,-21.5,35.0,42.8,52.2,60.2,52.6,43.4,-9.2,-1.7,6.9,12.7,18.8,29.1,39.8,29.8,20.1,13.4,7.0,-1.6,-5.1,7.5,13.3,19.5,34.8,19.8,13.4,7.5,-103.4,-83.3,-63.3,-43.6,-26.1,-12.1,-3.1,2.5,3.5,0.3,-7.8,-17.9,-31.6,-48.1,-66.0,-83.7,-101.0,-126.6,-136.0,-139.8,-138.2,-133.1,-133.1,-137.2,-138.2,-136.2,-129.2,-112.8,-102.6,-93.0,-82.9,-69.1,-67.7,-66.5,-67.9,-69.7,-107.6,-112.2,-112.1,-107.0,-104.6,-104.6,-107.1,-112.0,-111.7,-107.5,-104.7,-104.6,-40.0,-49.9,-54.8,-53.2,-54.7,-50.0,-41.2,-34.2,-31.7,-31.1,-31.2,-33.2,-40.8,-46.1,-46.1,-46.5,-41.6,-41.3,-40.8,-40.9,882.7,880.6,879.2,875.2,866.7,852.7,835.0,817.8,812.6,816.3,826.6,835.9,840.8,842.8,843.6,846.7,850.8,842.6,838.9,832.5,825.1,819.3,815.2,817.7,820.1,821.2,820.5,813.2,805.9,798.2,790.4,804.1,801.9,799.0,798.7,799.2,834.9,829.5,826.7,823.7,825.5,828.4,819.6,818.7,818.8,820.8,817.4,817.3,811.4,799.2,793.7,792.3,792.8,796.1,805.2,796.2,791.6,791.0,792.2,798.2,808.8,795.1,793.7,793.9,803.1,794.3,793.7,795.0
6,0,0.343,0.98,1,9.9,-72.1,810.6,0.006,0.185,0.010,-58.4,-58.9,-57.3,-54.1,-47.9,-37.1,-23.4,-7.5,11.1,30.4,49.2,66.4,78.9,86.1,89.6,92.5,94.6,-46.3,-38.1,-26.9,-14.9,-3.8,22.0,34.5,46.8,58.3,67.1,9.0,8.0,6.9,5.8,-5.8,1.0,7.5,14.2,20.7,-33.7,-26.2,-17.0,-9.5,-17.5,-26.5,29.8,37.6,47.1,55.3,47.6,38.3,-16.7,-9.0,-0.4,5.9,12.6,23.2,34.1,23.5,13.3,5.9,-0.9,-9.2,-12.4,-0.3,6.1,12.9,29.1,13.0,6.0,-0.5,-109.2,-89.7,-70.4,-51.1,-33.2,-17.9,-7.0,0.7,2.9,0.8,-6.1,-15.6,-29.4,-46.9,-66.3,-85.8,-105.1,-127.5,-136.8,-140.2,-138.7,-134.2,-133.8,-137.6,-138.1,-135.1,-127.3,-112.9,-103.0,-93.4,-83.5,-69.8,-68.2,-66.9,-68.1,-69.5,-108.5,-112.8,-112.6,-107.5,-105.0,-105.2,-106.9,-111.6,-111.2,-107.0,-104.0,-104.0,-40.6,-49.9,-54.5,-52.7,-54.2,-49.3,-40.7,-34.2,-32.1,-31.7,-32.1,-34.2,-41.2,-45.9,-45.6,-46.0,-41.2,-41.6,-41.3,-41.7,880.1,877.7,876.7,873.8,866.8,854.6,838.3,821.4,815.2,818.1,827.5,836.2,840.8,842.9,843.4,845.5,848.8,843.7,839.1,831.8,824.1,818.0,812.1,813.7,815.5,815.9,815.1,811.6,805.1,798.3,791.4,805.4,803.0,800.1,799.6,799.5,835.4,829.7,826.6,823.5,825.6,828.8,816.5,815.1,814.8,816.4,813.6,814.0,813.8,800.9,795.4,793.2,792.8,796.1,804.9,796.2,791.6,791.9,793.9,800.8,810.9,796.7,794.7,793.8,802.8,793.9,794.4,796.5
7,0,0.412,0.98,1,5.9,-72.2,813.0,0.017,0.170,0.027,-61.7,-62.5,-61.2,-58.2,-52.5,-42.4,-29.1,-13.1,5.2,23.9,42.2,59.4,72.9,81.2,85.7,89.3,92.1,-49.8,-42.0,-30.8,-18.6,-7.4,18.0,31.1,43.9,55.8,64.7,4.6,3.7,2.8,1.7,-9.9,-3.1,3.3,10.2,16.7,-37.5,-30.0,-20.6,-13.0,-21.0,-30.2,25.8,33.6,43.2,51.5,43.8,34.4,-20.3,-12.6,-4.2,2.1,8.9,19.4,29.9,19.8,9.7,2.3,-4.5,-12.7,-15.8,-4.2,2.2,9.0,25.0,9.1,2.1,-4.4,-111.8,-92.8,-73.9,-55.0,-37.1,-21.1,-8.8,0.4,3.4,2.1,-3.9,-13.0,-26.7,-44.4,-64.5,-84.9,-105.4,-127.5,-137.3,-140.8,-139.6,-135.4,-135.1,-138.9,-139.0,-135.2,-126.7,-113.2,-103.1,-93.4,-83.3,-69.9,-68.2,-66.8,-68.1,-69.3,-108.6,-113.1,-112.9,-107.6,-105.1,-105.2,-107.0,-112.0,-111.5,-107.2,-104.1,-104.1,-40.3,-49.7,-54.3,-52.5,-54.0,-49.1,-40.4,-33.6,-31.4,-31.0,-31.4,-33.7,-40.9,-45.8,-45.4,-45.8,-40.9,-41.0,-40.7,-41.2,878.9,876.2,875.1,872.8,866.8,856.1,841.8,825.9,819.7,822.2,831.0,839.5,844.2,846.8,848.0,850.1,853.3,846.3,841.5,833.7,825.7,819.6,813.2,814.7,817.0,817.8,817.8,813.7,807.5,800.9,794.3,808.2,805.8,802.8,802.4,802.5,837.9,832.1,829.0,825.6,828.0,831.4,818.1,816.9,816.5,818.1,815.4,815.8,816.1,803.3,798.0,795.7,794.9,798.2,807.1,798.7,794.3,795.1,797.2,803.8,813.1,799.6,797.3,796.1,805.0,796.4,797.2,799.5
8,0,0.481,0.98,1,5.3,-71.3,811.1,0.009,0.115,0.012,-65.2,-65.8,-64.0,-60.0,-53.5,-42.6,-28.0,-11.2,7.5,25.8,42.7,58.7,71.1,78.6,82.8,85.8,87.8,-51.3,-44.3,-32.7,-19.8,-8.4,15.6,28.6,42.1,54.2,62.3,3.2,2.6,2.1,1.5,-9.7,-3.1,3.2,9.6,15.8,-39.3,-32.0,-22.6,-14.6,-22.5,-31.9,23.5,31.5,41.2,49.3,41.9,32.3,-16.9,-9.8,-2.1,3.0,8.1,17.9,27.7,18.8,10.2,4.4,-1.2,-9.0,-12.4,-1.7,3.4,8.6,22.9,9.2,3.8,-1.4,-109.0,-90.5,-72.1,-53.5,-36.3,-21.0,-9.3,-0.1,3.1,1.7,-4.3,-12.9,-25.8,-42.5,-61.8,-81.6,-101.3,-126.0,-136.8,-141.2,-140.1,-135.2,-135.3,-139.7,-140.0,-135.2,-125.5,-112.5,-101.9,-91.9,-81.7,-68.6,-67.0,-65.8,-67.2,-68.7,-107.6,-112.6,-112.4,-106.8,-104.1,-104.0,-106.5,-112.1,-111.7,-107.1,-103.8,-103.7,-39.7,-48.8,-53.5,-52.0,-53.5,-48.7,-40.5,-33.1,-30.7,-30.2,-30.5,-32.8,-40.6,-45.3,-45.2,-45.6,-41.1,-39.9,-39.6,-40.0,877.5,875.4,874.1,871.6,865.8,854.8,840.4,825.4,820.9,825.0,835.1,844.7,850.7,854.0,855.9,858.0,860.4,843.9,839.9,832.4,824.1,818.1,812.6,815.3,819.5,822.3,824.1,813.7,806.3,798.7,791.1,804.9,803.3,800.7,800.8,801.6,836.4,831.0,827.8,824.8,827.2,830.3,819.5,819.4,819.8,822.4,818.5,818.2,811.3,799.2,794.7,793.5,793.3,797.2,807.3,798.5,794.4,794.5,795.3,799.9,808.7,796.8,795.6,795.0,804.7,796.5,796.5,797.6
9,0,0.549,0.98,1,4.8,-68.6,805.3,-0.043,0.115,0.005,-65.9,-66.1,-64.1,-60.3,-53.8,-42.7,-28.1,-11.1,7.8,26.5,43.5,58.7,69.8,76.3,80.0,82.9,84.7,-52.1,-44.4,-32.8,-20.2,-8.8,16.0,28.5,41.3,53.0,61.0,3.8,3.2,2.7,2.1,-10.1,-3.2,3.4,10.1,16.5,-39.5,-32.1,-22.7,-14.8,-22.9,-32.2,23.1,31.3,40.8,48.8,41.4,32.0,-20.2,-12.3,-3.7,2.6,9.1,19.3,29.2,19.9,10.5,3.3,-3.4,-12.0,-15.8,-3.3,3.0,9.6,24.4,10.0,3.2,-3.3,-102.8,-83.5,-64.3,-45.2,-27.9,-13.2,-2.7,4.4,6.4,4.5,-2.0,-11.0,-24.1,-40.5,-58.9,-77.5,-95.9,-123.8,-134.5,-139.2,-138.5,-133.7,-133.8,-137.9,-138.0,-133.8,-124.6,-110.7,-100.0,-89.8,-79.3,-65.9,-64.4,-63.1,-64.6,-66.3,-104.9,-110.1,-109.9,-104.3,-101.9,-101.8,-104.1,-109.6,-109.3,-104.5,-101.6,-101.5,-37.5,-47.1,-51.8,-50.2,-51.7,-47.0,-38.3,-31.4,-29.0,-28.4,-28.7,-30.7,-38.2,-43.5,-43.3,-43.8,-38.8,-38.0,-37.5,-37.8,874.0,871.2,869.3,865.8,858.7,846.4,830.6,814.0,809.1,813.5,824.6,834.7,840.4,843.9,845.9,849.5,853.8,839.3,836.1,829.0,820.9,815.0,810.6,813.7,817.8,820.5,821.7,810.3,802.4,794.4,786.5,800.6,798.2,795.0,795.1,796.2,830.7,825.7,822.9,819.9,821.8,824.5,816.2,816.4,816.6,818.9,814.9,814.6,806.2,794.2,789.6,788.0,788.2,791.9,801.9,792.3,787.3,786.8,788.0,793.4,803.7,791.0,789.5,789.4,799.4,790.2,789.8,791.2
10,0,0.618,0.98,1,5.5,-67.5,808.7,-0.044,0.108,-0.005,-66.9,-66.4,-63.9,-59.8,-53.1,-41.8,-27.3,-10.7,8.3,27.3,44.7,60.1,70.8,76.9,80.3,83.3,85.1,-52.7,-44.6,-32.7,-19.8,-8.0,16.4,28.7,41.3,52.9,61.1,4.8,4.3,3.8,3.4,-9.0,-2.1,4.5,11.2,17.4,-39.4,-31.9,-22.5,-14.6,-22.7,-32.0,24.0,32.1,41.7,49.6,42.3,32.9,-19.0,-11.1,-2.6,3.6,10.1,19.9,29.2,20.4,11.4,4.2,-2.5,-11.0,-14.7,-2.3,4.0,10.6,24.4,10.9,4.1,-2.3,-100.9,-81.0,-61.5,-42.3,-25.0,-10.9,-1.0,5.5,7.3,5.3,-1.6,-11.1,-24.8,-41.5,-59.7,-77.8,-95.9,-122.4,-133.2,-138.0,-137.4,-132.8,-132.9,-136.8,-137.0,-133.3,-124.6,-109.8,-98.9,-88.5,-77.8,-64.5,-63.0,-61.7,-63.2,-65.0,-103.6,-108.8,-108.7,-103.2,-100.6,-100.5,-103.2,-108.6,-108.3,-103.6,-100.6,-100.5,-35.9,-45.8,-50.6,-49.0,-50.6,-45.8,-36.9,-30.4,-28.0,-27.3,-27.6,-29.5,-36.8,-42.2,-42.0,-42.5,-37.4,-37.2,-36.6,-36.9,877.5,874.8,872.8,869.0,861.5,849.0,833.3,817.1,812.6,817.3,828.4,838.3,843.9,847.1,849.2,853.2,857.8,842.3,839.0,832.2,824.1,818.1,815.3,818.2,822.0,824.3,824.9,814.3,806.7,798.9,791.2,804.6,802.2,799.2,799.1,799.9,833.3,828.3,825.5,822.7,824.5,827.2,820.3,820.3,820.5,823.0,819.1,818.7,808.4,797.8,793.7,792.1,792.6,795.9,804.8,795.9,791.3,790.7,791.8,796.5,806.0,794.9,793.6,793.6,802.4,794.2,793.6,794.9
11,0,0.687,0.98,1,5.4,-67.7,812.3,-0.047,0.116,0.003,-67.2,-66.7,-64.3,-60.4,-53.7,-42.3,-27.6,-10.8,8.3,27.3,44.8,60.1,70.8,76.8,80.1,83.1,85.0,-52.7,-44.2,-32.2,-19.4,-7.6,17.5,29.8,42.4,54.0,62.1,5.4,4.8,4.3,3.8,-9.0,-2.0,4.5,11.2,17.5,-39.4,-31.7,-22.2,-14.4,-22.6,-32.0,24.4,32.6,42.2,50.2,42.8,33.3,-20.4,-12.2,-3.3,3.0,9.5,19.7,29.4,19.9,10.4,3.2,-3.7,-12.4,-16.0,-3.0,3.4,10.0,24.5,10.1,3.3,-3.2,-101.2,-81.3,-61.6,-42.3,-25.0,-10.8,-1.0,5.3,6.9,4.8,-2.1,-11.5,-25.0,-41.4,-59.3,-77.2,-95.0,-122.8,-133.3,-138.1,-137.4,-132.7,-132.7,-136.5,-136.6,-132.9,-124.1,-109.9,-98.9,-88.3,-77.5,-64.5,-63.1,-61.7,-63.2,-64.9,-104.1,-109.3,-109.2,-103.4,-100.9,-100.9,-103.1,-108.7,-108.4,-103.4,-100.5,-100.5,-36.5,-46.6,-51.3,-49.7,-51.2,-46.2,-37.1,-30.2,-27.9,-27.4,-27.6,-29.7,-37.3,-42.6,-42.4,-42.8,-37.5,-37.5,-37.0,-37.2,881.9,879.2,877.1,872.9,865.3,852.5,836.3,819.6,815.0,819.5,830.9,840.6,845.9,848.8,850.7,854.6,858.9,845.2,842.3,835.7,827.7,821.6,818.5,821.5,824.9,827.2,827.7,817.4,810.1,802.6,795.1,808.2,805.9,802.8,802.7,803.3,836.6,831.8,829.0,826.0,827.7,830.5,823.5,823.4,823.6,825.8,822.0,821.8,813.1,802.1,797.3,795.6,796.0,799.3,808.4,799.2,794.3,793.8,795.1,800.6,810.8,798.6,797.1,797.1,806.1,797.4,796.9,798.3
12,0,0.755,0.98,1,5.8,-66.3,821.7,-0.017,0.089,0.016,-67.1,-66.9,-64.8,-61.1,-54.9,-44.2,-30.2,-13.8,5.0,24.1,42.0,58.6,70.4,77.1,80.9,84.1,86.2,-51.9,-43.3,-31.5,-19.0,-7.5,19.7,31.7,43.5,54.5,62.6,6.5,5.9,5.4,4.9,-8.1,-1.2,5.3,12.0,18.2,-39.0,-31.1,-21.4,-13.8,-22.0,-31.6,25.8,33.6,43.4,51.4,44.0,34.4,-18.8,-10.1,-1.0,4.4,9.8,19.4,29.0,19.6,10.4,4.4,-1.6,-10.5,-14.4,-0.8,4.6,10.1,24.2,10.1,4.4,-1.1,-102.4,-82.2,-62.3,-43.0,-25.4,-11.1,-1.3,5.7,8.0,6.6,0.2,-9.1,-22.7,-39.8,-57.9,-76.2,-94.3,-123.6,-133.3,-137.5,-136.6,-132.0,-131.5,-135.0,-135.3,-132.3,-124.4,-108.4,-97.0,-86.1,-75.0,-62.8,-61.2,-59.7,-61.2,-62.9,-103.6,-108.6,-108.2,-102.4,-99.8,-100.0,-101.8,-107.4,-107.1,-102.2,-99.1,-99.1,-34.3,-44.2,-49.2,-47.5,-49.0,-43.9,-34.8,-27.5,-25.1,-24.7,-24.9,-27.0,-35.0,-40.1,-40.1,-40.3,-35.2,-35.2,-34.9,-35.1,884.9,882.8,881.5,878.7,873.4,862.5,848.6,833.1,827.8,831.5,842.3,852.8,858.5,860.7,862.3,865.6,869.3,850.7,848.1,842.2,835.1,829.5,827.4,830.5,833.4,834.9,834.3,826.4,819.6,812.6,805.6,817.3,815.2,812.7,812.6,813.3,844.0,838.6,835.7,833.1,835.0,837.7,832.0,831.7,832.1,834.6,830.7,830.4,822.7,812.3,807.0,805.7,806.0,810.0,819.3,809.9,804.8,804.5,805.5,810.7,820.5,809.0,807.6,807.5,817.0,807.5,807.1,808.2
13,0,0.824,0.98,1,7.2,-65.4,829.5,0.014,0.071,0.027,-66.0,-65.8,-63.7,-60.3,-54.6,-44.4,-31.3,-15.6,2.8,22.1,40.6,58.2,71.3,79.2,83.7,87.2,89.6,-50.9,-42.0,-29.7,-16.6,-4.8,21.0,33.4,45.6,57.2,65.7,8.2,7.8,7.4,7.0,-6.4,0.4,7.1,13.9,20.2,-37.6,-29.5,-19.7,-12.1,-20.3,-30.1,28.0,35.7,45.6,53.5,46.2,36.6,-17.7,-8.7,0.3,6.1,12.3,21.9,30.8,21.7,12.3,5.5,-1.0,-9.6,-13.1,-0.1,6.0,12.3,26.2,12.1,5.7,-0.5,-103.1,-83.3,-63.8,-45.0,-27.6,-13.1,-2.2,6.3,9.5,8.8,2.6,-7.2,-21.5,-39.5,-58.7,-78.1,-97.5,-122.1,-131.8,-135.6,-134.5,-130.0,-129.6,-133.4,-133.9,-130.8,-122.7,-107.3,-95.9,-84.9,-73.8,-61.7,-59.8,-58.2,-59.6,-61.2,-103.0,-108.0,-107.5,-101.6,-99.1,-99.3,-101.1,-106.8,-106.4,-101.5,-98.3,-98.2,-32.8,-42.4,-47.0,-45.2,-46.6,-41.5,-32.5,-25.9,-23.8,-23.6,-24.0,-26.4,-33.4,-38.1,-37.8,-37.9,-33.0,-33.7,-33.6,-34.0,887.9,885.6,884.6,882.7,878.0,868.6,857.0,842.8,837.3,840.3,850.8,861.5,867.5,870.4,872.5,875.6,879.1,856.1,852.7,846.5,839.8,834.9,833.8,836.2,838.9,840.5,840.3,832.3,826.2,820.0,813.6,825.3,823.0,820.8,820.6,821.0,849.5,844.1,841.5,839.2,840.9,843.5,838.4,837.8,838.1,840.7,837.1,836.8,830.5,820.8,816.1,814.4,814.6,818.8,827.3,818.9,814.0,814.0,815.4,820.3,828.1,817.8,816.2,815.9,825.2,815.9,815.8,817.4
14,0,0.893,0.98,1,10.0,-65.0,824.3,0.020,0.058,0.019,-63.8,-63.6,-61.5,-58.1,-52.0,-41.1,-27.0,-10.4,8.0,26.7,44.3,60.9,73.4,81.0,85.4,88.7,90.7,-48.5,-40.1,-27.6,-14.2,-2.2,23.1,35.4,47.7,59.2,67.8,10.5,10.3,10.1,9.9,-3.0,3.6,10.0,16.5,22.5,-35.0,-27.1,-17.3,-9.6,-17.8,-27.4,30.3,38.1,47.8,55.5,48.4,38.9,-13.0,-4.6,3.8,9.3,15.1,23.9,32.0,23.9,15.5,9.2,3.0,-5.1,-8.4,3.6,9.3,15.2,27.5,15.1,9.1,3.3,-103.2,-83.7,-64.4,-45.5,-27.7,-12.6,-1.0,7.8,11.0,9.7,2.5,-7.7,-21.8,-39.6,-58.9,-78.4,-97.9,-121.1,-131.1,-135.0,-133.8,-129.2,-129.0,-132.8,-133.4,-130.3,-122.3,-106.8,-95.4,-84.5,-73.3,-61.0,-59.3,-57.8,-59.1,-60.7,-102.5,-107.3,-107.0,-101.4,-98.7,-98.8,-101.1,-106.4,-106.0,-101.5,-98.0,-98.0,-32.3,-41.4,-45.9,-44.1,-45.6,-40.7,-32.3,-26.0,-23.9,-23.6,-24.0,-26.1,-33.0,-37.0,-36.7,-36.9,-32.8,-34.3,-33.9,-34.4,881.9,881.0,881.2,879.6,874.2,863.9,851.3,837.7,834.0,838.6,849.1,859.4,865.5,868.5,870.4,872.4,874.5,850.9,847.2,841.0,834.3,829.6,828.8,831.3,834.6,836.5,837.1,827.3,820.7,814.2,807.5,819.6,817.8,815.9,815.8,816.4,843.9,838.8,836.3,834.2,835.9,838.3,834.3,833.9,834.5,837.5,833.8,833.1,822.6,813.7,810.3,809.2,809.6,813.1,821.2,813.8,810.0,809.6,810.3,813.5,820.2,812.4,811.3,811.3,818.6,811.6,811.1,812.1
15,0,0.961,0.98,1,13.0,-64.9,822.5,0.028,0.061,0.012,-61.8,-61.6,-59.4,-55.7,-49.1,-37.5,-22.6,-5.3,13.5,32.3,49.6,65.4,76.9,83.6,87.5,90.6,92.5,-45.1,-36.8,-24.4,-11.2,0.9,26.4,38.6,50.7,61.9,70.0,13.6,13.4,13.2,13.0,0.4,6.9,13.1,19.4,25.2,-31.6,-23.9,-14.3,-6.8,-14.7,-24.2,33.1,40.8,50.4,57.9,51.0,41.6,-9.0,-1.0,6.9,12.3,17.8,26.2,33.9,26.1,18.3,12.2,6.3,-1.4,-4.5,6.8,12.3,17.9,29.4,17.9,12.2,6.6,-104.1,-84.3,-64.8,-45.4,-27.2,-11.5,0.2,9.0,11.8,9.8,1.9,-8.8,-23.2,-40.8,-59.7,-78.9,-98.0,-120.7,-130.9,-135.0,-133.7,-129.1,-128.9,-132.5,-133.0,-129.9,-121.8,-106.6,-95.2,-84.2,-72.9,-60.8,-59.1,-57.6,-58.9,-60.6,-102.4,-107.0,-106.8,-101.3,-98.5,-98.6,-100.9,-106.1,-105.6,-101.1,-97.7,-97.7,-32.2,-41.1,-45.5,-43.7,-45.1,-40.4,-32.1,-26.0,-24.1,-23.7,-24.2,-26.1,-33.0,-36.9,-36.6,-36.8,-32.7,-34.0,-33.6,-34.0,881.7,881.5,882.0,879.9,873.6,862.6,849.3,835.7,832.8,838.2,848.7,858.2,863.8,866.3,867.6,869.2,870.9,847.8,844.4,838.3,831.8,827.3,826.4,829.0,832.5,834.6,835.7,825.1,818.5,812.0,805.4,817.5,816.1,814.2,814.0,814.6,840.8,836.1,833.8,831.8,833.3,835.7,832.5,832.0,832.8,835.9,832.2,831.3,819.6,811.1,808.4,807.6,808.2,811.4,819.3,812.2,808.9,808.2,808.6,810.8,817.4,810.3,809.6,809.9,816.4,810.6,809.8,810.4
16,0,1.030,0.98,1,15.0,-65.5,821.3,0.031,0.061,0.018,-59.7,-59.7,-57.6,-53.8,-46.9,-35.1,-20.2,-3.1,15.5,34.1,51.2,66.9,78.2,84.8,88.8,92.1,94.1,-42.4,-34.2,-21.8,-8.6,3.3,29.4,41.6,53.5,64.6,72.3,16.3,15.9,15.6,15.2,2.6,9.0,15.1,21.4,27.1,-29.0,-21.1,-11.6,-4.2,-12.2,-21.6,35.2,43.1,52.6,60.0,53.0,43.6,-6.7,1.2,9.0,14.2,19.4,27.4,34.8,27.2,19.7,13.9,8.2,0.7,-2.3,8.9,14.2,19.5,30.3,19.4,14.0,8.7,-106.0,-85.6,-65.5,-45.5,-27.1,-11.3,0.4,8.9,11.7,9.6,1.4,-9.6,-24.2,-41.9,-60.8,-79.9,-98.9,-122.2,-132.5,-136.6,-135.1,-130.3,-129.8,-133.1,-133.5,-130.2,-122.0,-107.3,-95.9,-84.9,-73.7,-61.7,-59.9,-58.4,-59.6,-61.2,-103.6,-108.0,-107.6,-102.2,-99.4,-99.6,-101.3,-106.2,-105.6,-101.2,-97.8,-97.9,-33.1,-41.9,-46.3,-44.5,-45.9,-41.0,-32.6,-26.4,-24.6,-24.3,-24.7,-26.8,-33.9,-37.7,-37.4,-37.5,-33.2,-34.6,-34.3,-34.7,881.0,881.1,881.7,879.3,872.5,861.3,847.9,834.8,832.6,838.2,848.4,857.6,862.7,864.8,866.0,867.4,869.0,846.2,843.0,837.0,830.7,826.2,825.2,828.0,831.6,833.8,835.0,824.1,817.5,810.9,804.3,816.0,814.8,813.0,812.9,813.6,839.1,834.4,832.1,830.2,831.7,834.0,831.3,830.9,831.7,834.9,831.1,830.2,817.9,809.7,807.1,806.4,807.0,810.2,818.1,810.9,807.9,807.0,807.3,809.2,815.8,809.1,808.5,808.9,815.1,809.6,808.7,809.1
17,0,1.099,0.98,1,15.3,-67.3,816.8,0.010,0.056,0.032,-59.1,-59.4,-57.6,-53.9,-47.0,-35.1,-20.2,-3.4,14.9,33.3,50.2,65.8,77.1,83.9,88.2,91.7,94.0,-41.4,-33.0,-20.4,-7.1,5.0,30.5,42.7,54.9,65.9,73.3,17.3,16.7,16.2,15.7,3.0,9.3,15.3,21.5,27.1,-28.0,-20.1,-10.6,-3.3,-11.3,-20.7,35.7,43.7,53.2,60.5,53.5,44.1,-6.7,1.3,9.1,14.2,19.3,27.1,34.3,26.7,19.2,13.6,8.0,0.6,-2.4,8.9,14.1,19.3,29.8,19.2,13.9,8.6,-108.1,-87.5,-67.0,-46.8,-28.4,-12.8,-1.3,7.1,10.0,8.2,0.3,-10.4,-24.7,-42.2,-60.9,-79.8,-98.7,-124.7,-135.2,-139.4,-137.8,-132.8,-131.8,-135.0,-135.0,-131.3,-122.6,-109.6,-98.3,-87.4,-76.3,-64.0,-62.3,-60.6,-61.8,-63.2,-106.2,-110.6,-110.1,-104.5,-101.8,-102.1,-102.9,-107.7,-106.9,-102.2,-99.0,-99.4,-35.6,-44.1,-48.4,-46.4,-47.7,-42.7,-34.3,-28.3,-26.5,-26.3,-26.9,-29.2,-36.3,-39.8,-39.4,-39.4,-35.0,-36.5,-36.2,-36.7,878.0,877.8,877.9,874.9,867.2,855.5,841.7,828.8,827.0,832.9,843.4,852.5,857.6,860.1,861.9,863.9,865.9,843.4,840.3,834.3,827.8,823.1,822.2,825.2,829.3,831.8,833.2,820.8,813.7,806.5,799.4,811.2,810.0,808.2,808.2,809.0,835.4,831.0,828.7,826.7,828.1,830.3,828.1,827.9,828.7,832.0,828.0,827.0,812.7,804.8,802.3,801.7,802.5,805.5,813.3,806.1,803.1,802.1,802.3,804.0,810.7,804.2,803.7,804.3,810.3,805.0,803.9,804.2
18,0,1.167,0.98,1,14.3,-67.4,813.5,0.022,0.060,0.042,-59.2,-59.9,-58.5,-55.3,-48.6,-36.9,-22.1,-5.2,13.2,31.8,49.0,64.8,76.2,83.1,87.3,90.7,93.0,-41.7,-33.2,-20.7,-7.4,4.7,30.1,42.5,54.7,65.8,73.0,16.7,16.0,15.4,14.8,1.9,8.2,14.2,20.4,26.1,-28.5,-20.7,-11.2,-4.0,-11.9,-21.4,35.0,43.1,52.5,59.7,52.7,43.4,-9.0,-0.3,7.9,12.9,17.9,26.1,33.9,25.5,17.6,12.0,6.6,-1.2,-4.7,7.6,12.7,17.8,29.4,17.6,12.4,7.3,-109.9,-89.3,-68.8,-48.5,-29.9,-14.0,-2.2,6.7,9.9,8.2,0.3,-10.4,-24.8,-42.3,-61.1,-80.0,-98.9,-125.2,-135.4,-139.5,-137.7,-132.6,-131.4,-134.4,-134.2,-130.2,-121.3,-109.5,-98.5,-87.9,-77.0,-64.4,-62.5,-60.9,-61.9,-63.3,-106.6,-110.9,-110.3,-104.7,-102.1,-102.5,-102.7,-107.4,-106.5,-101.7,-98.6,-99.1,-36.1,-43.8,-47.7,-45.7,-46.9,-42.1,-34.3,-28.0,-26.5,-26.4,-27.1,-29.4,-36.6,-39.5,-39.0,-39.0,-34.9,-36.1,-36.0,-36.6,874.8,874.7,874.8,871.9,864.2,852.7,839.0,825.9,823.7,829.4,840.0,848.9,853.8,855.9,857.4,859.1,861.0,839.5,836.2,830.1,823.4,818.7,817.6,820.8,824.9,827.4,829.1,816.1,808.9,801.7,794.4,807.1,805.8,803.9,804.0,804.9,831.5,827.1,824.8,823.0,824.2,826.4,824.0,823.8,824.6,827.8,823.9,822.9,810.9,802.2,799.0,798.5,799.2,802.7,811.3,803.1,799.6,798.6,798.8,801.4,808.8,800.8,800.4,801.0,808.3,801.4,800.3,800.6
19,0,1.236,0.98,1,13.5,-64.4,812.2,0.052,0.068,0.048,-58.8,-59.8,-58.7,-55.8,-49.3,-37.8,-23.5,-7.1,11.2,29.9,47.2,63.3,75.0,82.2,86.5,89.9,92.2,-41.7,-33.0,-20.7,-7.7,4.1,29.5,41.8,53.7,64.6,71.9,16.0,15.1,14.4,13.7,0.6,7.0,13.2,19.6,25.6,-28.9,-21.1,-11.8,-4.5,-12.5,-21.8,34.4,42.4,51.7,59.0,51.9,42.7,-11.7,-2.3,6.6,11.9,17.4,26.3,34.8,25.6,16.9,10.9,5.1,-3.4,-7.3,6.3,11.7,17.3,30.3,17.0,11.3,5.9,-108.8,-88.2,-67.4,-46.8,-27.9,-11.6,0.7,10.0,13.3,11.7,3.7,-7.3,-22.0,-39.7,-58.6,-77.5,-96.3,-123.4,-133.0,-136.7,-134.8,-129.7,-128.2,-131.1,-130.9,-126.9,-118.4,-106.5,-95.4,-84.8,-73.7,-61.2,-59.4,-57.6,-58.6,-60.0,-104.0,-108.0,-107.3,-101.8,-99.4,-99.9,-99.6,-104.1,-103.2,-98.5,-95.6,-96.0,-33.1,-40.4,-44.0,-42.0,-43.2,-38.6,-31.2,-24.0,-22.1,-22.0,-22.6,-25.3,-33.3,-35.9,-35.3,-35.4,-31.5,-31.7,-31.6,-32.2,870.9,871.2,871.9,869.8,862.6,851.5,838.5,825.7,823.3,828.5,838.5,847.1,850.9,852.2,853.0,854.4,856.4,835.5,831.8,825.7,819.2,814.7,813.6,816.7,820.5,822.4,823.6,812.5,805.6,798.6,791.7,805.1,803.5,801.5,801.8,802.7,828.1,823.5,821.3,819.7,820.9,823.0,820.1,819.7,820.3,823.4,819.8,819.1,812.1,802.2,798.1,797.5,798.2,802.2,811.8,803.1,798.8,797.7,798.1,801.8,810.0,800.1,799.5,800.1,808.9,800.3,799.2,799.7
20,0,1.305,0.98,1,13.3,-62.3,810.8,0.048,0.069,0.059,-58.7,-59.7,-58.6,-55.7,-49.4,-38.2,-24.2,-8.0,10.3,28.8,46.2,62.2,74.0,81.4,86.0,89.8,92.4,-41.6,-32.8,-20.4,-7.4,4.4,29.5,41.9,54.1,65.2,72.5,16.0,15.1,14.3,13.4,-0.0,6.6,12.8,19.4,25.6,-28.7,-20.7,-11.3,-4.1,-12.1,-21.6,34.4,42.5,52.0,59.3,52.1,42.8,-12.9,-3.5,5.5,11.4,17.6,26.8,35.2,26.0,17.0,10.3,3.8,-4.8,-8.4,5.1,11.1,17.4,30.6,17.1,10.7,4.7,-107.5,-86.8,-66.1,-45.6,-26.8,-10.4,2.2,11.7,15.2,14.0,6.4,-4.3,-18.8,-36.4,-55.3,-74.3,-93.3,-121.4,-131.0,-134.4,-132.4,-127.1,-125.2,-128.3,-127.9,-123.9,-115.2,-104.4,-93.4,-82.7,-71.7,-59.3,-57.3,-55.5,-56.4,-57.7,-102.6,-106.7,-105.9,-100.0,-97.8,-98.4,-97.3,-102.0,-101.0,-96.0,-93.2,-93.7,-31.1,-38.7,-42.3,-40.1,-41.3,-36.4,-28.4,-21.4,-19.5,-19.4,-20.2,-23.3,-31.3,-34.0,-33.2,-33.3,-28.9,-29.4,-29.3,-30.1,869.9,869.8,870.3,868.1,860.8,849.8,836.9,823.9,821.3,826.4,836.7,845.5,849.4,850.9,851.4,852.8,855.1,834.3,830.3,824.0,817.5,813.2,812.2,815.1,818.9,821.1,822.3,810.9,804.1,797.2,790.3,804.2,802.4,800.3,800.5,801.5,826.8,822.2,820.2,818.5,819.7,821.8,818.7,818.2,818.8,821.8,818.2,817.6,811.2,800.7,796.6,795.8,796.3,800.4,810.0,801.6,797.1,796.1,796.8,800.8,809.0,798.6,797.9,798.3,807.3,798.6,797.6,798.4
21,0,1.373,0.98,1,13.9,-63.4,814.1,0.031,0.057,0.067,-58.6,-59.7,-58.8,-56.0,-49.8,-38.5,-24.3,-7.9,10.4,28.8,46.0,62.0,74.1,81.7,86.5,90.4,93.2,-41.1,-32.0,-19.4,-6.2,5.7,30.7,43.2,55.4,66.6,74.0,17.1,16.2,15.4,14.6,0.7,7.3,13.7,20.3,26.5,-28.3,-20.2,-10.7,-3.5,-11.6,-21.0,35.5,43.6,53.1,60.4,53.2,43.9,-12.5,-2.8,6.5,12.2,18.1,27.3,36.0,26.5,17.4,10.9,4.6,-4.1,-8.0,6.1,11.9,17.9,31.4,17.6,11.4,5.5,-108.1,-87.5,-66.9,-46.6,-27.9,-11.7,0.5,9.8,13.4,12.4,5.4,-4.6,-18.5,-35.7,-54.4,-73.3,-92.2,-122.7,-132.3,-135.7,-133.8,-128.4,-126.5,-129.5,-129.1,-124.9,-116.1,-105.7,-94.6,-83.9,-72.8,-60.7,-58.7,-56.8,-57.8,-59.1,-103.9,-108.1,-107.2,-101.3,-99.1,-99.8,-98.5,-103.2,-102.2,-97.1,-94.4,-95.0,-32.9,-40.4,-43.9,-41.8,-42.9,-38.0,-30.0,-23.1,-21.3,-21.3,-22.1,-25.0,-33.0,-35.7,-35.0,-35.1,-30.5,-31.0,-31.0,-31.7,873.5,873.0,873.0,870.6,863.3,852.2,839.1,825.8,823.1,828.4,839.2,848.6,853.1,855.0,856.1,858.1,860.7,838.1,834.5,828.5,822.0,817.5,816.8,820.1,824.1,826.5,828.0,815.1,808.2,801.2,794.2,807.6,805.8,803.6,804.0,805.0,830.8,826.4,824.4,822.7,823.7,825.8,823.2,823.1,823.8,826.8,823.0,822.2,814.6,804.3,800.1,799.3,799.9,804.3,814.2,805.1,800.2,799.1,799.7,804.0,812.5,801.9,801.2,801.7,811.4,801.9,800.9,801.5
22,0,1.442,0.98,1,14.6,-64.2,816.3,0.034,0.048,0.069,-58.3,-59.5,-58.7,-56.1,-50.0,-38.6,-24.2,-7.5,10.9,29.4,46.6,62.6,74.8,82.5,87.3,91.2,93.9,-40.4,-31.4,-18.9,-5.8,6.1,31.7,44.2,56.3,67.5,74.8,17.7,16.9,16.2,15.4,1.4,8.0,14.4,21.2,27.4,-27.5,-19.4,-10.0,-2.7,-10.8,-20.2,36.2,44.3,53.8,61.0,53.9,44.6,-12.0,-2.1,7.2,13.0,19.2,28.4,37.1,27.6,18.5,11.8,5.4,-3.4,-7.5,6.7,12.7,18.9,32.5,18.6,12.3,6.3,-108.7,-88.5,-68.2,-48.0,-29.5,-13.2,-0.8,8.6,12.3,11.4,4.5,-5.2,-19.0,-36.2,-55.0,-74.0,-93.0,-123.3,-132.8,-136.2,-134.3,-128.9,-127.1,-130.1,-129.7,-125.5,-116.7,-106.1,-95.0,-84.2,-73.2,-61.2,-59.2,-57.3,-58.3,-59.6,-104.4,-108.5,-107.7,-101.8,-99.7,-100.4,-99.0,-103.7,-102.7,-97.7,-95.0,-95.6,-33.8,-41.0,-44.4,-42.3,-43.4,-38.6,-30.8,-24.2,-22.4,-22.4,-23.3,-26.1,-33.9,-36.3,-35.5,-35.6,-31.3,-32.1,-32.0,-32.8,874.9,874.3,874.4,872.2,865.2,854.2,841.1,827.8,825.2,830.8,842.1,852.0,856.9,858.9,859.8,861.5,864.0,839.8,836.2,830.3,823.9,819.6,818.9,822.3,826.4,828.9,830.5,817.2,810.4,803.4,796.5,809.8,808.1,805.9,806.4,807.6,832.5,828.2,826.4,824.8,825.7,827.6,825.4,825.3,826.2,829.2,825.4,824.5,816.9,806.4,802.3,801.6,802.2,806.8,816.9,807.5,802.2,801.0,801.6,806.0,814.8,804.1,803.4,803.9,814.0,804.0,802.9,803.6
23,0,1.511,0.98,1,14.9,-64.6,820.6,0.037,0.045,0.067,-58.8,-59.9,-59.2,-56.8,-50.4,-38.6,-23.7,-6.9,11.6,30.2,47.6,63.6,75.7,83.2,87.7,91.3,93.9,-40.8,-31.5,-18.8,-5.5,6.5,31.9,44.4,56.6,67.8,75.4,18.3,17.4,16.6,15.8,1.5,8.3,14.8,21.7,28.0,-27.5,-19.3,-9.9,-2.6,-10.8,-20.2,36.6,44.8,54.3,61.6,54.3,45.1,-12.9,-2.1,7.5,13.4,19.8,29.2,38.6,28.4,19.0,12.2,5.8,-3.3,-8.5,7.0,13.1,19.6,34.1,19.2,12.7,6.6,-109.2,-88.7,-68.1,-47.8,-29.3,-13.4,-1.6,7.2,10.6,9.7,3.0,-6.4,-20.0,-37.1,-55.7,-74.4,-93.2,-123.7,-133.0,-136.3,-134.2,-128.7,-126.8,-129.8,-129.4,-125.5,-116.9,-106.2,-95.0,-84.1,-72.9,-61.1,-59.0,-57.0,-58.0,-59.4,-104.7,-108.8,-107.9,-102.0,-99.9,-100.6,-99.1,-103.8,-102.8,-97.8,-95.1,-95.7,-35.1,-40.9,-43.7,-41.6,-42.6,-38.5,-31.9,-26.0,-24.6,-24.6,-25.4,-27.9,-34.9,-36.1,-35.3,-35.5,-32.2,-33.5,-33.5,-34.3,880.6,879.9,879.8,877.4,870.0,858.6,844.7,830.8,828.4,834.4,846.6,856.9,861.9,863.8,864.6,866.4,869.1,844.3,840.2,834.3,827.7,823.0,822.7,826.3,830.6,833.1,835.0,821.1,814.0,806.7,799.6,813.7,811.8,809.5,810.1,811.4,836.4,832.1,830.3,829.0,829.5,831.3,829.8,829.9,830.8,833.9,830.0,829.0,822.2,811.7,807.4,806.7,807.6,812.4,823.1,812.3,806.1,804.6,805.2,810.4,820.2,808.7,808.2,809.0,819.8,808.2,806.8,807.5
24,0,1.579,0.98,1,14.6,-65.5,824.9,0.040,0.041,0.066,-59.8,-60.8,-60.2,-58.0,-51.8,-39.9,-24.6,-7.3,11.4,30.2,47.7,63.9,76.1,83.7,88.1,91.5,94.1,-41.8,-32.4,-19.6,-6.4,5.8,31.5,44.0,56.2,67.5,75.4,17.8,17.0,16.2,15.5,0.9,7.9,14.5,21.5,27.9,-28.3,-20.1,-10.6,-3.2,-11.5,-21.0,36.3,44.7,54.2,61.6,54.3,45.0,-14.0,-2.5,7.3,13.2,19.7,29.3,39.4,28.6,19.0,12.1,5.7,-3.7,-9.6,6.8,13.0,19.5,34.8,19.2,12.6,6.5,-109.3,-89.1,-69.0,-49.0,-30.7,-15.0,-3.4,5.4,8.8,7.8,1.4,-7.7,-21.0,-38.0,-56.6,-75.2,-93.8,-124.2,-133.3,-136.6,-134.5,-129.1,-127.2,-130.2,-129.8,-125.9,-117.5,-106.6,-95.2,-84.3,-73.0,-61.7,-59.5,-57.4,-58.6,-60.0,-105.2,-109.3,-108.4,-102.4,-100.4,-101.1,-99.5,-104.3,-103.4,-98.3,-95.7,-96.2,-37.1,-42.2,-44.6,-42.6,-43.7,-39.9,-33.9,-28.2,-26.8,-26.8,-27.5,-29.9,-36.8,-37.4,-36.6,-36.8,-34.1,-35.4,-35.3,-36.0,885.8,884.8,884.3,881.8,875.0,863.8,849.8,835.3,832.7,839.0,851.8,862.4,867.7,869.8,870.7,872.6,875.4,849.2,844.9,838.8,832.0,827.0,826.7,830.5,834.8,837.4,839.4,825.4,818.3,810.8,803.7,817.9,816.0,813.7,814.3,815.6,841.0,836.7,834.8,833.6,834.0,835.8,834.4,834.5,835.5,838.7,834.6,833.6,827.6,816.7,812.1,811.5,812.3,817.5,828.7,817.0,810.0,808.4,809.0,814.8,825.7,813.3,812.8,813.6,825.3,812.4,810.9,811.6
25,0,1.648,0.98,1,14.5,-66.1,828.9,0.030,0.038,0.059,-59.9,-60.8,-60.1,-57.8,-51.6,-39.6,-24.2,-6.9,11.7,30.2,47.6,63.8,76.4,84.3,88.8,92.1,94.5,-42.7,-33.2,-20.5,-7.3,4.7,31.1,43.7,55.9,67.4,75.6,17.3,16.6,16.0,15.4,0.8,7.8,14.6,21.6,28.1,-29.0,-20.7,-11.1,-3.7,-12.0,-21.5,35.9,44.3,53.8,61.4,54.1,44.7,-14.2,-2.6,7.4,13.4,20.1,30.0,40.5,29.5,19.6,12.6,6.0,-3.6,-9.8,7.0,13.2,20.0,36.0,19.7,12.9,6.7,-107.9,-88.1,-68.3,-48.6,-30.7,-15.4,-4.2,4.3,7.5,6.6,0.5,-8.0,-20.8,-37.5,-56.0,-74.8,-93.6,-124.4,-133.3,-136.4,-134.5,-129.3,-127.8,-131.1,-131.0,-127.3,-119.0,-107.0,-95.5,-84.4,-73.1,-62.0,-59.8,-57.8,-59.1,-60.7,-105.3,-109.6,-108.8,-102.7,-100.7,-101.3,-100.3,-105.5,-104.8,-99.7,-97.0,-97.3,-38.2,-42.9,-45.2,-43.3,-44.4,-41.0,-35.5,-29.9,-28.5,-28.4,-29.1,-31.3,-37.9,-38.3,-37.6,-37.9,-35.6,-36.7,-36.5,-37.1,889.9,888.3,887.4,885.0,878.5,867.6,853.7,838.7,835.5,841.5,854.6,865.9,871.9,874.7,876.3,878.6,881.7,853.9,849.5,843.4,836.4,831.1,830.4,834.5,839.1,842.4,844.9,829.4,822.2,814.6,807.3,821.9,819.6,817.1,817.9,819.3,845.9,841.5,839.5,838.2,838.5,840.4,838.5,839.0,840.0,843.1,838.9,837.8,832.6,821.3,816.3,815.6,816.4,821.9,833.5,821.2,813.7,812.2,812.9,819.4,830.5,817.4,816.7,817.5,830.2,816.3,815.0,815.9
26,0,1.717,0.98,1,15.2,-67.1,830.7,0.024,0.038,0.050,-59.9,-60.6,-59.6,-57.1,-50.7,-38.6,-23.0,-5.5,13.2,31.8,49.2,65.3,77.7,85.3,89.6,92.6,94.9,-42.7,-33.4,-20.8,-7.6,4.6,31.5,44.0,56.2,67.7,75.9,17.6,17.0,16.5,16.0,1.5,8.6,15.4,22.4,28.8,-28.7,-20.5,-10.9,-3.4,-11.7,-21.2,36.3,44.6,54.2,61.8,54.5,45.1,-13.4,-1.8,8.3,14.3,20.9,31.0,41.7,30.6,20.6,13.6,7.1,-2.7,-9.0,8.0,14.2,20.9,37.1,20.6,13.9,7.7,-108.2,-88.4,-68.6,-49.0,-31.2,-15.9,-4.8,3.6,6.6,5.5,-0.8,-9.4,-22.2,-38.8,-57.2,-75.8,-94.4,-124.4,-133.4,-136.8,-135.1,-130.0,-128.8,-132.2,-132.1,-128.6,-120.3,-108.0,-96.6,-85.5,-74.3,-63.0,-60.9,-59.0,-60.4,-62.0,-105.8,-110.1,-109.4,-103.5,-101.5,-102.0,-101.5,-106.8,-106.2,-101.1,-98.4,-98.6,-39.3,-44.2,-46.7,-44.8,-46.0,-42.6,-37.2,-31.3,-29.7,-29.5,-30.1,-32.3,-39.0,-39.7,-39.0,-39.4,-37.2,-38.0,-37.7,-38.3,892.5,890.8,889.7,887.1,880.6,869.6,855.5,840.4,837.1,843.1,856.4,867.8,873.9,876.6,878.1,880.6,883.8,856.2,851.9,845.9,838.9,833.6,832.9,837.1,841.8,845.1,847.6,831.6,824.4,816.8,809.4,824.0,821.7,819.1,819.9,821.4,848.1,843.8,841.8,840.5,840.7,842.6,841.0,841.5,842.5,845.5,841.3,840.2,834.7,823.2,818.0,817.3,818.1,823.7,835.6,823.0,815.3,813.9,814.6,821.1,832.7,819.1,818.5,819.3,832.2,818.1,816.7,817.6
27,0,1.785,0.98,1,15.5,-68.9,834.7,0.007,0.034,0.047,-60.4,-60.9,-59.9,-57.4,-51.0,-38.6,-22.7,-5.0,13.9,32.5,49.9,65.9,78.2,85.7,89.8,92.7,94.8,-42.8,-33.3,-20.6,-7.4,4.8,31.7,44.0,56.0,67.4,75.7,18.0,17.5,17.1,16.7,1.9,9.1,15.9,22.9,29.4,-28.7,-20.5,-10.9,-3.4,-11.7,-21.2,36.8,45.1,54.6,62.2,54.9,45.6,-13.1,-1.4,8.7,14.8,21.4,31.5,42.1,31.0,21.1,14.1,7.5,-2.3,-8.7,8.4,14.7,21.4,37.5,21.1,14.4,8.1,-109.1,-89.2,-69.5,-49.8,-32.0,-16.9,-6.2,1.8,4.7,3.6,-2.5,-10.8,-23.6,-40.1,-58.6,-77.1,-95.8,-126.3,-135.4,-138.8,-137.1,-131.9,-130.7,-134.1,-134.1,-131.0,-123.0,-110.0,-98.6,-87.7,-76.4,-65.1,-63.0,-61.1,-62.5,-64.2,-107.5,-111.9,-111.3,-105.4,-103.3,-103.8,-103.4,-108.6,-108.0,-103.0,-100.3,-100.6,-41.1,-46.4,-48.9,-47.1,-48.3,-44.8,-39.0,-33.3,-31.9,-31.7,-32.2,-34.3,-40.9,-41.8,-41.2,-41.6,-39.1,-40.1,-39.9,-40.3,896.6,894.9,893.7,890.9,884.1,872.5,858.1,842.7,839.5,845.8,859.3,871.1,877.5,880.3,881.8,884.3,887.6,860.4,856.6,851.0,844.3,839.2,839.1,843.1,847.3,850.1,851.9,836.8,829.5,821.9,814.5,828.3,826.1,823.6,824.4,825.7,852.4,848.3,846.4,845.1,845.2,847.0,846.0,846.7,847.7,850.6,846.4,845.3,838.0,826.9,822.0,821.3,822.3,827.8,839.4,826.8,819.1,817.4,818.0,824.5,836.1,822.8,822.3,823.2,836.0,822.1,820.5,821.3
28,0,1.854,0.98,1,14.9,-70.5,833.6,0.006,0.033,0.049,-61.1,-61.8,-61.0,-58.6,-52.1,-39.7,-23.6,-5.6,13.4,32.1,49.5,65.6,77.8,85.2,89.3,92.2,94.3,-43.2,-33.7,-21.0,-7.8,4.3,31.4,43.7,55.7,67.0,75.3,17.5,17.0,16.5,16.1,1.4,8.5,15.3,22.2,28.6,-29.1,-20.9,-11.4,-3.9,-12.2,-21.6,36.3,44.5,54.1,61.7,54.3,45.0,-13.6,-1.8,8.2,14.2,20.6,30.5,41.1,30.1,20.3,13.4,7.0,-2.8,-9.1,7.9,14.1,20.6,36.5,20.3,13.8,7.6,-110.7,-90.9,-71.1,-51.4,-33.6,-18.5,-7.7,0.3,3.1,1.9,-4.2,-12.6,-25.3,-41.9,-60.3,-78.8,-97.3,-128.0,-137.0,-140.3,-138.5,-133.3,-131.9,-135.2,-135.1,-131.9,-124.0,-111.3,-100.2,-89.4,-78.4,-66.9,-64.8,-62.9,-64.2,-65.9,-109.1,-113.4,-112.8,-106.9,-104.8,-105.4,-104.7,-109.8,-109.1,-104.1,-101.5,-101.8,-42.8,-48.1,-50.7,-48.8,-50.0,-46.4,-40.5,-34.9,-33.5,-33.4,-33.9,-36.0,-42.6,-43.6,-42.9,-43.3,-40.7,-41.7,-41.6,-42.0,896.3,894.5,893.3,890.3,883.5,871.9,857.3,841.8,838.6,845.0,858.5,870.2,876.7,879.5,881.0,883.5,886.7,859.7,855.9,850.3,843.6,838.5,838.2,842.4,846.7,849.5,851.5,835.9,828.6,820.9,813.5,827.1,825.1,822.7,823.4,824.8,851.6,847.5,845.6,844.3,844.4,846.2,845.3,845.9,847.0,850.0,845.7,844.5,836.6,825.5,820.7,820.1,821.1,826.5,838.1,825.5,817.9,816.3,816.8,823.2,834.8,821.5,821.1,822.0,834.7,820.9,819.4,820.1
29,0,1.923,0.98,1,14.2,-71.4,832.7,0.002,0.032,0.047,-61.7,-62.4,-61.5,-59.1,-52.7,-40.4,-24.3,-6.3,12.7,31.4,48.8,64.9,77.2,84.7,88.8,91.7,93.8,-43.8,-34.4,-21.6,-8.3,3.9,30.1,42.5,54.7,66.2,74.5,16.7,16.2,15.8,15.4,0.8,7.9,14.6,21.6,27.9,-29.7,-21.5,-12.0,-4.5,-12.8,-22.2,35.4,43.6,53.1,60.7,53.4,44.1,-13.7,-2.2,7.7,13.6,19.9,29.7,40.1,29.2,19.6,12.9,6.5,-3.1,-9.3,7.4,13.5,19.9,35.5,19.6,13.2,7.1,-111.6,-91.8,-72.0,-52.3,-34.4,-19.3,-8.5,-0.6,2.3,1.1,-4.9,-13.2,-25.9,-42.6,-61.3,-80.0,-98.8,-128.5,-137.7,-141.1,-139.3,-134.0,-132.8,-136.2,-136.3,-133.0,-124.8,-112.2,-101.2,-90.7,-79.8,-67.9,-65.9,-64.1,-65.4,-67.0,-109.9,-114.3,-113.6,-107.7,-105.6,-106.2,-105.7,-110.9,-110.3,-105.2,-102.5,-102.8,-43.4,-49.0,-51.6,-49.8,-51.0,-47.3,-41.3,-35.8,-34.6,-34.4,-35.0,-36.9,-43.4,-44.6,-44.0,-44.3,-41.5,-42.6,-42.5,-42.9,895.7,893.8,892.4,889.4,882.6,871.2,856.7,841.2,837.8,844.1,857.5,869.3,876.0,879.2,881.0,883.6,886.8,859.4,855.7,850.0,843.3,838.3,837.8,841.9,846.2,849.3,851.4,835.5,828.1,820.4,812.9,826.4,824.4,821.9,822.7,824.0,851.2,847.0,845.2,843.8,843.9,845.7,844.7,845.3,846.5,849.4,845.1,843.9,835.4,824.5,819.8,819.1,820.1,825.5,837.0,824.4,816.9,815.5,816.0,822.2,833.6,820.5,820.0,820.9,833.5,820.0,818.5,819.3
30,0,1.991,0.98,1,13.6,-71.0,834.1,0.016,0.034,0.044,-62.5,-63.1,-62.2,-59.8,-53.3,-40.9,-24.8,-6.9,12.2,31.0,48.6,64.9,77.2,84.5,88.4,91.2,93.2,-44.7,-35.2,-22.5,-9.1,3.0,29.4,41.7,53.8,65.3,73.7,15.9,15.4,15.0,14.6,0.2,7.2,13.9,20.8,27.2,-30.6,-22.3,-12.8,-5.3,-13.6,-23.1,34.9,43.1,52.6,60.2,52.9,43.6,-14.0,-2.5,7.3,13.1,19.2,28.9,39.4,28.5,19.0,12.4,6.3,-3.4,-9.6,7.1,13.0,19.2,34.7,18.9,12.7,6.8,-111.9,-92.0,-72.1,-52.3,-34.2,-19.0,-8.2,-0.2,2.6,1.3,-5.1,-13.7,-26.6,-43.3,-61.9,-80.5,-99.2,-128.1,-137.1,-140.4,-138.5,-133.1,-132.0,-135.5,-135.8,-132.8,-124.8,-111.7,-100.7,-90.1,-79.2,-67.4,-65.4,-63.6,-64.9,-66.6,-109.5,-113.9,-113.2,-107.4,-105.2,-105.8,-105.5,-110.7,-110.1,-105.2,-102.4,-102.6,-42.8,-48.3,-51.0,-49.2,-50.5,-46.9,-41.0,-35.3,-33.8,-33.6,-34.1,-36.0,-42.7,-43.9,-43.3,-43.7,-41.2,-42.0,-41.8,-42.2,896.3,894.8,893.8,891.1,884.6,873.3,858.9,843.5,840.1,846.3,859.4,871.1,877.6,880.4,881.8,884.0,886.9,859.8,855.8,850.2,843.7,838.8,838.4,842.3,846.5,849.3,851.2,836.1,828.9,821.4,814.1,827.5,825.6,823.3,824.0,825.3,851.9,847.7,845.8,844.5,844.7,846.6,845.5,845.9,847.1,850.1,845.8,844.6,836.9,825.9,821.2,820.6,821.6,827.0,838.4,826.1,818.7,817.3,817.7,823.8,835.0,822.1,821.6,822.5,834.9,821.6,820.1,820.7
31,0,2.060,0.98,1,12.7,-70.0,835.2,0.030,0.034,0.037,-63.5,-64.0,-63.0,-60.4,-54.0,-41.6,-25.5,-7.5,11.5,30.4,48.1,64.4,76.6,83.9,87.7,90.3,92.1,-45.9,-36.7,-24.2,-11.0,1.2,28.3,40.5,52.3,63.7,72.2,14.8,14.4,14.1,13.8,-0.6,6.4,13.2,20.1,26.5,-31.6,-23.4,-13.9,-6.4,-14.7,-24.1,33.8,41.9,51.4,59.1,51.8,42.5,-14.7,-3.4,6.5,12.3,18.5,28.2,38.7,27.9,18.3,11.7,5.5,-4.2,-10.3,6.3,12.2,18.5,34.1,18.2,11.9,6.0,-111.0,-91.1,-71.3,-51.6,-33.4,-18.0,-7.0,1.2,4.0,2.5,-4.1,-13.1,-26.3,-43.3,-62.1,-81.0,-99.9,-126.6,-135.7,-139.0,-137.1,-132.0,-130.9,-134.4,-134.8,-132.1,-124.5,-110.5,-99.4,-88.8,-77.8,-66.2,-64.1,-62.3,-63.7,-65.4,-108.1,-112.4,-111.8,-106.1,-103.9,-104.4,-104.6,-109.6,-109.1,-104.4,-101.6,-101.7,-41.3,-46.9,-49.7,-47.9,-49.2,-45.7,-39.8,-33.8,-32.2,-32.0,-32.4,-34.5,-41.3,-42.5,-42.0,-42.4,-39.9,-40.6,-40.4,-40.8,896.2,895.0,894.4,892.1,885.9,874.9,860.7,845.5,842.1,848.1,861.1,872.8,879.2,881.7,882.5,884.3,886.9,859.8,855.8,850.2,843.9,839.1,838.9,842.7,846.6,849.0,850.7,836.5,829.6,822.3,815.2,828.7,826.8,824.6,825.2,826.4,852.1,847.8,846.1,844.8,845.0,846.9,845.9,846.1,847.3,850.2,846.2,845.0,838.2,827.2,822.4,821.8,822.7,828.1,839.5,827.3,820.0,818.6,819.2,825.3,836.3,823.4,822.9,823.8,836.1,822.7,821.4,822.1
32,0,2.129,0.98,1,12.1,-69.0,836.9,0.040,0.032,0.027,-64.6,-64.9,-63.5,-60.7,-54.0,-41.6,-25.6,-7.6,11.4,30.1,47.7,64.0,76.2,83.4,87.1,89.6,91.2,-46.9,-37.8,-25.2,-12.0,0.2,26.9,39.0,50.9,62.4,71.0,13.7,13.5,13.4,13.2,-0.9,6.1,12.7,19.5,25.7,-32.5,-24.4,-14.9,-7.4,-15.5,-25.0,32.8,40.7,50.3,57.9,50.8,41.5,-14.2,-3.3,6.3,12.0,17.9,27.4,37.5,27.2,17.9,11.5,5.4,-4.0,-9.7,6.1,11.9,17.9,32.9,17.7,11.6,5.8,-110.0,-90.0,-70.1,-50.3,-32.1,-16.7,-5.6,2.7,5.4,3.8,-3.1,-12.4,-26.0,-43.3,-62.4,-81.7,-100.9,-125.0,-134.2,-137.5,-135.7,-130.7,-130.0,-133.7,-134.4,-131.8,-124.3,-109.5,-98.5,-87.8,-76.7,-65.0,-63.1,-61.4,-62.8,-64.5,-106.8,-111.1,-110.7,-105.0,-102.7,-103.0,-104.0,-109.2,-108.8,-104.2,-101.1,-101.2,-39.3,-45.4,-48.5,-46.8,-48.1,-44.4,-38.4,-32.3,-30.6,-30.4,-30.8,-32.8,-39.5,-41.2,-40.7,-41.1,-38.5,-39.2,-39.0,-39.3,896.7,895.7,895.4,893.3,887.3,876.7,863.0,848.3,844.9,850.7,863.4,874.9,881.3,883.7,884.5,885.9,888.1,860.4,856.5,851.0,844.9,840.3,840.2,843.8,847.6,850.1,851.7,837.9,831.2,824.2,817.3,830.5,828.7,826.6,827.1,828.2,853.2,848.9,847.2,845.9,846.2,848.0,847.1,847.2,848.4,851.4,847.4,846.3,839.3,828.7,824.2,823.6,824.5,829.7,840.6,829.0,822.3,821.1,821.6,827.2,837.4,825.3,824.8,825.6,837.3,824.8,823.5,824.2
